0.2530247,0.2089392,0.440467,0.09084304,0.04239259,0
0.2324486,0.2487331,0.4655652,0.07175712,0.0424292,0
0.239092,0.2332439,0.4582374,0.07581167,0.05501712,0
0.270684,0.155695,0.509344,0.05091154,0.04248855,0
0.2616373,0.3292253,0.2571471,0.1046366,0.06131303,0
0.2843999,0.2384008,0.3607148,0.08530702,0.04874863,0
0.2615215,0.2326276,0.4346496,0.07271495,0.03459781,0
0.2005048,0.2922718,0.4109104,0.08730379,0.03931753,0
0.1373169,0.3987995,0.3986806,0.06966255,0.02769492,0
0.1242789,0.4335597,0.3726306,0.06585969,0.02617336,0
0.1756091,0.3866121,0.3815997,0.05892319,0.02820927,0
0.1027667,0.3836666,0.4370133,0.06761059,0.03251548,0
0.1270264,0.3877501,0.4258791,0.06237232,0.03228034,0
0.2145891,0.3652837,0.352901,0.06264421,0.03749948,0
0.1960559,0.344911,0.4401326,0.0552808,0.03586996,0
0.125173,0.2445807,0.5675162,0.0567089,0.04373045,0
0.1498363,0.236676,0.5549235,0.05368942,0.0466377,0
0.1604535,0.2183728,0.5399985,0.05764279,0.04868332,0
0.2067972,0.1881383,0.5725343,0.06676967,0.04855435,0
0.215348,0.167732,0.6104031,0.05240495,0.04787764,0
0.1847524,0.1326078,0.658433,0.04289103,0.04645661,0
0.1809573,0.1525567,0.62604,0.04669686,0.0463392,0
0.2332028,0.1808294,0.5542418,0.05588304,0.04790732,0
0.2999435,0.1523245,0.4909397,0.04826609,0.04149129,0
0.2657593,0.1121532,0.5405489,0.053415,0.03507561,0
0.2895819,0.1212325,0.5191562,0.03955092,0.03217585,0
0.2873788,0.1482207,0.494803,0.041184,0.03486411,0
0.2699085,0.1958462,0.4804306,0.04768035,0.03140253,0
0.3025348,0.2084804,0.4409127,0.04171593,0.030417,0
0.3325817,0.2306917,0.4090592,0.04484689,0.02923325,0
0.3267382,0.2585001,0.3712228,0.0454203,0.0303607,0
0.3637041,0.2929746,0.3168377,0.04072148,0.03383533,0
0.3616489,0.3283293,0.2796968,0.05979455,0.04632326,0
0.3396538,0.3630839,0.2246253,0.07789844,0.06438009,0
0.3807268,0.2237771,0.2678455,0.08152253,0.0855815,0
0.2707149,0.1749773,0.3590293,0.08650777,0.1377291,0
0.2746732,0.113698,0.3917219,0.1195235,0.1157692,0
0.1947231,0.1687702,0.4999111,0.06501479,0.09159404,0
0.1879195,0.1432359,0.5490904,0.05341434,0.08719701,0
0.1894168,0.1529158,0.5608672,0.04820535,0.07294431,0
0.1824918,0.1924496,0.5547614,0.03839695,0.06223364,0
0.07151577,0.3112283,0.5061361,0.04686709,0.06920256,0
0.07458565,0.31531,0.5024189,0.05594339,0.0609373,0
0.08146089,0.3155311,0.506087,0.04462672,0.06144004,0
0.07755322,0.3676395,0.4740574,0.05927576,0.05445766,0
0.07050625,0.4034877,0.4404585,0.05462555,0.05577132,0
0.1462469,0.2789431,0.4549941,0.07145566,0.06556711,0
0.1414206,0.3188448,0.4411532,0.07981676,0.04999375,0
0.1714606,0.248264,0.4874046,0.07442874,0.05193568,0
0.2347684,0.2495772,0.4281413,0.07805118,0.05607051,0
0.2112918,0.2476105,0.4772272,0.0786329,0.06387934,0
0.1890882,0.2454499,0.5010141,0.07655661,0.05903615,0
0.198144,0.3065121,0.4088093,0.08822495,0.06239158,0
0.2018473,0.3076691,0.4113783,0.1009176,0.06667633,0
0.2590172,0.455083,0.2884983,0.0731799,0.05837521,0
0.2239376,0.4636347,0.3084572,0.07380007,0.05936739,0
0.1599433,0.405186,0.3456221,0.1074338,0.06182701,0
0.2125292,0.3870766,0.3115182,0.08814374,0.0973206,0
0.2352116,0.3998396,0.3130099,0.06744681,0.08509325,0
0.2235835,0.3769162,0.3374372,0.05362775,0.07403126,0
0.3445803,0.2347948,0.2872947,0.06683571,0.07603173,0
0.3334715,0.2423707,0.2873232,0.06666719,0.07592276,0
0.3110832,0.2929379,0.2764941,0.06345965,0.07280073,0
0.3817859,0.2766499,0.2505176,0.05446268,0.06407806,0
0.3552544,0.226576,0.3268027,0.05150883,0.06369966,0
0.3455139,0.2243462,0.334033,0.05472847,0.06366721,0
0.3579193,0.2872522,0.2709233,0.05140364,0.06899838,0
0.2197008,0.2881438,0.4007348,0.05822762,0.07247294,0
0.173466,0.2303521,0.4362847,0.07343505,0.09790112,0
0.1767846,0.2202403,0.4252018,0.07759881,0.1152435,0
0.1837073,0.2786577,0.3341707,0.08162329,0.14103,0
0.1990553,0.3301209,0.2762589,0.06976059,0.1568488,0
0.264798,0.2601988,0.2506281,0.07820594,0.1768781,0
0.2688965,0.3012097,0.2012863,0.09512619,0.1842443,0
0.27934,0.2156393,0.2552899,0.115821,0.2117475,0
0.2586551,0.3956004,0.2228643,0.0762376,0.164661,0
0.1768899,0.3801152,0.2650639,0.0754226,0.1643453,0
0.1300522,0.4571589,0.2367585,0.04892265,0.151031,0
0.1522544,0.3210846,0.3022672,0.07399061,0.1732945,0
0.1780289,0.2603803,0.3179657,0.07509154,0.1901916,0
0.183895,0.2598185,0.3133169,0.07195696,0.191381,0
0.1430378,0.2764972,0.319198,0.08919008,0.1900235,0
0.1140547,0.2709142,0.3552616,0.0836427,0.1863895,0
0.1353157,0.3066385,0.3545629,0.06680988,0.1677337,0
0.1433867,0.3143011,0.3395123,0.07280207,0.1547514,0
0.3181013,0.2119358,0.2771281,0.0998507,0.1860325,0
0.3345226,0.227482,0.2492373,0.09795812,0.2100345,0
0.3190827,0.2587046,0.2673254,0.08608641,0.1894203,0
0.3380327,0.2176905,0.2847213,0.07939814,0.1850115,0
0.3322218,0.2033575,0.3204716,0.06918367,0.1790667,0
0.3446418,0.2183749,0.30294,0.06808628,0.1735499,0
0.3546214,0.2637641,0.2520791,0.0790233,0.1797213,0
0.3621427,0.2352804,0.2387773,0.08900762,0.180761,0
0.2667782,0.2437406,0.2998167,0.08328039,0.2034904,0
0.2514304,0.2004959,0.3100232,0.09057362,0.2021747,0
0.1723597,0.2246883,0.329976,0.09362736,0.2099897,0
0.2345084,0.3436343,0.2435317,0.06793143,0.1818376,0
0.2458391,0.3741689,0.2015868,0.08909705,0.1750553,0
0.1646796,0.4366556,0.2159084,0.06990042,0.1498375,0
0.1612466,0.4437178,0.1957726,0.07109334,0.1442823,0
0.1786893,0.3938335,0.2339232,0.06954872,0.1378955,0
0.129561,0.4197094,0.2610339,0.06588604,0.1329831,0
0.2071706,0.3946884,0.250126,0.09456848,0.1129536,0
0.2577539,0.3738573,0.213356,0.1081581,0.1261387,0
0.1994669,0.3919965,0.2077948,0.1059932,0.1318986,0
0.3108472,0.3824343,0.146571,0.09932271,0.1505577,0
0.1985234,0.3794713,0.1942986,0.09767155,0.1563364,0
0.1402849,0.4086177,0.1735025,0.1111393,0.1846311,0
0.09887726,0.3661191,0.2132273,0.1113012,0.2160435,0
0.1113608,0.4305341,0.1856474,0.09434731,0.197577,0
0.1355896,0.3623286,0.1923085,0.1092206,0.2130801,0
0.1588164,0.3294234,0.2191392,0.1174588,0.2200767,0
0.1749825,0.2334863,0.2482592,0.1165395,0.2486807,0
0.1547765,0.2863783,0.2927129,0.1012416,0.2013007,0
0.115564,0.2206987,0.401399,0.08682424,0.1954465,0
0.1500388,0.2250413,0.3208411,0.1253355,0.1944605,0
0.154782,0.2200027,0.3424803,0.1026788,0.2093421,0
0.133655,0.242735,0.3194879,0.1329469,0.2082359,0
0.1260733,0.2604859,0.3235613,0.1140638,0.1857035,0
0.08162314,0.3060491,0.3007483,0.1277553,0.2004597,0
0.1017006,0.2412568,0.3504365,0.124034,0.2008879,0
0.1203356,0.2113635,0.3693796,0.1315186,0.195259,0
0.1378457,0.2222106,0.3490775,0.1291881,0.1918481,0
0.154089,0.2121958,0.3644493,0.1240581,0.201549,0
0.1331344,0.1754591,0.4005209,0.1293273,0.198331,0
0.1288773,0.1823874,0.3886896,0.1268153,0.1980085,0
0.1384892,0.1595824,0.4213892,0.1174567,0.1835908,0
0.1482738,0.1689876,0.4207228,0.1148399,0.1744951,0
0.1690406,0.1178523,0.4092,0.1236384,0.1889815,0
0.2073081,0.1005721,0.4216558,0.09965178,0.1794674,0
0.1635787,0.09987548,0.4402074,0.102371,0.2078909,0
0.1440265,0.1422055,0.4212352,0.1073018,0.1986898,0
0.1104599,0.1988965,0.3669751,0.1368745,0.1954329,0
0.1231189,0.2261564,0.3599382,0.1151942,0.1921208,0
0.1482822,0.1850455,0.3902948,0.1101678,0.1854843,0
0.1737989,0.2457934,0.3216302,0.1242399,0.1748832,0
0.4403675,0.1305661,0.3035653,0.05388321,0.1187189,0
0.4535669,0.0975366,0.2935895,0.05403059,0.1224786,0
0.3078859,0.2196016,0.3200425,0.07075384,0.1408591,0
0.259095,0.2697981,0.2828371,0.07023261,0.1371621,0
0.2495487,0.2854366,0.2745369,0.07222654,0.1414311,0
0.2702283,0.2814896,0.2643026,0.06419897,0.151157,0
0.4511562,0.1931437,0.3529101,0.02419442,0.02324766,0
0.4818779,0.139389,0.3647031,0.01974417,0.02317253,0
0.4417785,0.1770472,0.3068081,0.05297388,0.0325749,0
0.4332364,0.250545,0.2760815,0.03703647,0.03195252,0
0.3993889,0.257469,0.2788912,0.03631912,0.03712405,0
0.4370476,0.2371206,0.2636458,0.05410041,0.03398447,0
0.4291525,0.21022,0.3046419,0.04394593,0.03472789,0
0.4298228,0.2093312,0.312069,0.04583206,0.03289434,0
0.4094814,0.2268225,0.3017099,0.051475,0.039017,0
0.3732258,0.2327237,0.3133068,0.09845687,0.05132902,0
0.365068,0.2862631,0.3182597,0.07101649,0.04849067,0
0.382476,0.3201797,0.303445,0.07251726,0.03820715,0
0.3063202,0.3369593,0.3044077,0.0992706,0.0591034,0
0.3298957,0.362939,0.3614327,0.06995618,0.04806861,0
0.3759469,0.3982312,0.3356542,0.05775166,0.04629467,0
0.3721631,0.3808062,0.3147714,0.05065146,0.04608691,0
0.348008,0.3873227,0.2968369,0.06185695,0.04444335,0
0.3854302,0.241641,0.3412843,0.04888162,0.03898415,0
0.3619532,0.2567402,0.3266778,0.06006011,0.03570766,0
0.3308731,0.3049566,0.2930583,0.06653237,0.04410971,0
0.3842173,0.2058264,0.2574956,0.1253043,0.05809648,0
0.3863619,0.2983183,0.2543735,0.05621205,0.044385,0
0.3583018,0.2782855,0.2863468,0.05782538,0.04265895,0
0.341824,0.2818735,0.3023106,0.05748967,0.04392611,0
0.2985239,0.3068279,0.3207346,0.0554245,0.05226317,0
0.2564161,0.3989574,0.3013364,0.05926587,0.04277211,0
0.2897027,0.3897981,0.2941901,0.0548207,0.04097468,0
0.1366108,0.3646742,0.408458,0.05811975,0.04983303,0
0.1561827,0.3821082,0.3850688,0.05296552,0.04646335,0
0.4560862,0.171912,0.3102855,0.06729675,0.03889632,0
0.3891511,0.1730031,0.3253739,0.08195845,0.05715898,0
0.4102836,0.2403101,0.2352854,0.0805341,0.05341408,0
0.4410855,0.2600126,0.1866109,0.07778262,0.04341592,0
0.4469494,0.2311105,0.2644621,0.04994953,0.03634892,0
0.4238328,0.150019,0.3753832,0.03767188,0.03319965,0
0.4043532,0.1863542,0.3668401,0.03849361,0.03558566,0
0.4403088,0.1291663,0.3621786,0.04648259,0.03617979,0
0.3969273,0.1493835,0.3774085,0.04188367,0.03930146,0
0.4024835,0.2105171,0.3222553,0.05104936,0.03682534,0
0.3973784,0.1916666,0.3537243,0.03638305,0.03496357,0
0.4747622,0.1174839,0.1399063,0.04099231,0.2502568,0
0.4526001,0.1669613,0.1793559,0.03835148,0.2060335,0
0.3195952,0.1912065,0.2124073,0.06863633,0.2331673,0
0.374599,0.2191014,0.2104151,0.05257455,0.2003854,0
0.414976,0.1683375,0.2388297,0.04803373,0.1653573,0
0.4750469,0.1246347,0.2776406,0.03490013,0.1159944,0
0.4698631,0.1088988,0.3037546,0.0374011,0.09624192,0
0.4782055,0.1389314,0.2827838,0.02661209,0.09744443,0
0.4828819,0.1467805,0.2702342,0.03276477,0.09000464,0
0.4659894,0.2059139,0.2565188,0.02766004,0.08680477,0
0.4709771,0.1545369,0.2819697,0.0447299,0.08965497,0
0.4666938,0.176988,0.2546693,0.03477257,0.08810386,0
0.4658121,0.2389206,0.2449349,0.02771311,0.07227427,0
0.3860419,0.2311717,0.2927263,0.02814969,0.08053633,0
0.3830934,0.2449407,0.2665687,0.0354442,0.0812917,0
0.3692669,0.2355655,0.2620879,0.05005348,0.09154794,0
0.3745926,0.2588071,0.2528641,0.04391316,0.0919121,0
0.4660264,0.1602915,0.2525674,0.04249931,0.08411442,0
0.453178,0.1813505,0.2613547,0.03604837,0.08448679,0
0.5225478,0.1406897,0.2612639,0.03151963,0.07901842,0
0.5684047,0.1431881,0.2176521,0.04075564,0.08538815,0
0.6082754,0.07266176,0.2028708,0.05434997,0.08814311,0
0.6138689,0.06803138,0.2039345,0.04142493,0.08887258,0
0.5783514,0.08170037,0.2210187,0.04333919,0.08902361,0
0.5377131,0.1818786,0.2645155,0.03315827,0.02166025,0
0.5436929,0.1836431,0.244089,0.0334789,0.02571035,0
0.534222,0.1838534,0.2476827,0.03253632,0.02479524,0
0.5160918,0.1718045,0.2725816,0.03698969,0.02363944,0
0.4081417,0.2694178,0.30643,0.056783,0.03403629,0
0.3008069,0.3217905,0.3531219,0.05933844,0.03922067,0
0.3074689,0.2584377,0.3329299,0.09419386,0.05042893,0
0.3756745,0.3193954,0.2485935,0.08711651,0.05217724,0
0.4105213,0.3673437,0.1832258,0.06607033,0.0450294,0
0.4486662,0.3412953,0.1708209,0.05861366,0.04476339,0
0.461147,0.3373828,0.1647041,0.0545831,0.04458459,0
0.4787501,0.3161681,0.1636995,0.048402,0.04059926,0
0.4684386,0.3089564,0.1676555,0.04903737,0.03845298,0
0.4555663,0.3051488,0.1897241,0.05114156,0.04144539,0
0.406991,0.2736119,0.2281641,0.07351571,0.04412775,0
0.4466535,0.260384,0.2096429,0.05668655,0.04203616,0
0.4454777,0.2791592,0.205449,0.04646766,0.03609005,0
0.461751,0.2923613,0.2153092,0.04686197,0.03601747,0
0.3941106,0.228936,0.2871458,0.06971073,0.04537699,0
0.3889791,0.2896605,0.2586824,0.05513804,0.03976105,0
0.2872854,0.3370107,0.2802439,0.07485082,0.04694355,0
0.3978248,0.231982,0.3077438,0.06621159,0.03720628,0
0.3605025,0.1842139,0.3860926,0.06659824,0.04059926,0
0.3731948,0.1790232,0.3933343,0.06587499,0.03807099,0
0.3126327,0.2601907,0.3757835,0.07061524,0.04743011,0
0.2476081,0.3218695,0.3919148,0.0925969,0.05946448,0
0.2939664,0.2225329,0.3946171,0.08913697,0.05926739,0
0.2916163,0.2016412,0.4578919,0.06183997,0.05584933,0
0.2547727,0.1671743,0.5053712,0.04676948,0.04639865,0
0.2520581,0.1935105,0.47881,0.05614383,0.04061997,0
0.2664054,0.199622,0.4676547,0.05695547,0.04496055,0
0.2296844,0.2123392,0.2060659,0.1382194,0.2571563,0
0.2369562,0.1711186,0.186797,0.1753079,0.2536967,0
0.2217149,0.2348145,0.1415965,0.1724065,0.2534138,0
0.253567,0.1993978,0.1769978,0.1599826,0.2490443,0
0.3030409,0.2291569,0.1239637,0.1800247,0.2289703,0
0.2495,0.2317188,0.1503863,0.1685894,0.2507184,0
0.2811862,0.2234505,0.1933713,0.1404051,0.239406,0
0.2813432,0.1953312,0.203188,0.1471537,0.2233125,0
0.3150184,0.1583143,0.2042484,0.1435473,0.2069934,0
0.2608222,0.1889043,0.2323875,0.1429682,0.214462,0
0.248177,0.1623258,0.2706766,0.1384497,0.2007113,0
0.2768669,0.1262556,0.2631126,0.1313251,0.2100289,0
0.2717356,0.1342646,0.3069121,0.1153837,0.1974616,0
0.2510667,0.1158807,0.3545816,0.1249377,0.1963588,0
0.2619414,0.2045928,0.3160926,0.1131324,0.1820817,0
0.2664742,0.1864129,0.3055076,0.1339613,0.1839837,0
0.2985267,0.2831187,0.3035161,0.08407431,0.1748188,0
0.2868995,0.2809339,0.3149525,0.08041913,0.1723831,0
0.1638392,0.2849721,0.3317995,0.09117492,0.1965283,0
0.1564263,0.2842675,0.3445527,0.08784122,0.1888758,0
0.1352746,0.2446735,0.3840334,0.08587389,0.1853659,0
0.3438567,0.2573843,0.2029127,0.0733386,0.1390961,0
0.3228509,0.2558196,0.2178408,0.07233484,0.1378125,0
0.2993042,0.2695761,0.2244547,0.0757243,0.1413835,0
0.3906848,0.1775858,0.217911,0.1076744,0.1531984,0
0.3804783,0.271283,0.2022259,0.0810011,0.1282488,0
0.2577565,0.2474802,0.3400013,0.06724191,0.09706653,0
0.262251,0.2808345,0.3244523,0.05507446,0.08081489,0
0.1767282,0.3372827,0.3332894,0.07917184,0.08738455,0
0.1556138,0.3408951,0.3874524,0.06468045,0.08770598,0
0.1904629,0.2698641,0.3961008,0.07419352,0.08120368,0
0.1572124,0.2483995,0.4666401,0.07042094,0.0867826,0
0.2190079,0.2464233,0.4331398,0.07076356,0.0855193,0
0.2107487,0.3172941,0.4509575,0.05744132,0.0717523,0
0.2356152,0.2770817,0.4648706,0.05923986,0.07280363,0
0.3222169,0.3743741,0.3361748,0.07114194,0.07842091,0
0.3211838,0.3134461,0.3508857,0.08236479,0.08779164,0
0.3874878,0.2460733,0.3407324,0.06605191,0.09255953,0
0.3859705,0.2951485,0.2496815,0.0647749,0.09148687,0
0.3211148,0.3877689,0.1934219,0.06843777,0.09339063,0
0.2918266,0.4867174,0.1434271,0.0623893,0.08173243,0
0.2745686,0.5070159,0.1381438,0.06825064,0.08378495,0
0.2905236,0.4556992,0.160366,0.06109268,0.07732865,0
0.259811,0.4524285,0.1972834,0.06061658,0.0828386,0
0.1253145,0.279517,0.0973953,0.1016343,0.4372916,0
0.1534064,0.2717425,0.09004892,0.08791964,0.4525501,0
0.1651829,0.2475044,0.0909266,0.09690697,0.4468126,0
0.1277021,0.2473491,0.1115325,0.09205163,0.4477383,0
0.1311803,0.2374524,0.1336707,0.0935024,0.4390239,0
0.1266469,0.1985484,0.1627605,0.1003585,0.4403841,0
0.1299058,0.1625681,0.1604251,0.1062106,0.4663673,0
0.1394716,0.174038,0.1372753,0.1129675,0.4688599,0
0.1709438,0.2035637,0.1452848,0.1133219,0.4235699,0
0.1747538,0.1733967,0.1807581,0.1217768,0.4163634,0
0.1721961,0.2424719,0.1587214,0.1296941,0.3469176,0
0.1405383,0.3042405,0.1637121,0.1287385,0.3020307,0
0.1535011,0.262527,0.1827189,0.1316805,0.3261288,0
0.1767191,0.2350875,0.1795829,0.1338641,0.3121109,0
0.1497571,0.2511816,0.2444095,0.0962614,0.2725745,0
0.1512724,0.2722389,0.2427659,0.08898957,0.2698937,0
0.1511173,0.2875875,0.2533017,0.09589866,0.246848,0
0.1693534,0.3424145,0.2276813,0.0926598,0.2371399,0
0.1932179,0.3055666,0.2295918,0.09037887,0.2459353,0
0.1453204,0.3294416,0.2376576,0.09707792,0.2407398,0
0.216602,0.2367135,0.2518068,0.08870009,0.2372733,0
0.2141007,0.2111687,0.2477793,0.1079267,0.2493624,0
0.2430255,0.1844375,0.2584886,0.1111023,0.2386147,0
0.2452912,0.1638161,0.2757034,0.1195437,0.2460074,0
0.251108,0.1770564,0.1833818,0.1410566,0.2753404,0
0.2876893,0.1669922,0.1885061,0.13397,0.2583477,0
0.2765402,0.1366568,0.2069737,0.1489952,0.2694439,0
0.2471833,0.1483938,0.1853414,0.1394684,0.3137263,0
0.2491771,0.1213481,0.2269675,0.1376641,0.3023115,0
0.2643598,0.1090598,0.2297294,0.1312992,0.2879456,0
0.1923918,0.1343541,0.2434353,0.1352549,0.3133564,0
0.216006,0.1377153,0.2755609,0.1291337,0.2888775,0
0.2501566,0.1395794,0.3349134,0.1107752,0.2006414,0
0.3257139,0.1160414,0.3002769,0.09835715,0.1773109,0
0.3472309,0.1093896,0.2640235,0.1150932,0.1870918,0
0.3163757,0.1583768,0.2534818,0.1066237,0.1878941,0
0.3255767,0.1517425,0.2370302,0.1183294,0.1955579,0
0.2774937,0.1500065,0.2811977,0.1305068,0.1924146,0
0.3199157,0.2144099,0.2356679,0.09516324,0.1719911,0
0.325258,0.1460744,0.2662171,0.1077881,0.1817023,0
0.3550431,0.1526198,0.2353052,0.1133423,0.1864873,0
0.3692749,0.1569069,0.207202,0.1132711,0.1878038,0
0.255147,0.2733057,0.2289193,0.1120468,0.200247,0
0.1824181,0.2264184,0.2816716,0.1207582,0.2227823,0
0.2016493,0.2523858,0.2350605,0.1255598,0.2254663,0
0.1933832,0.2580616,0.2331031,0.1260378,0.2107409,0
0.2032788,0.3086666,0.1974411,0.1216906,0.1963898,0
0.1609958,0.2594966,0.2489201,0.1286236,0.2178311,0
0.1592473,0.2486682,0.2901017,0.1292414,0.2109059,0
0.1386515,0.2370583,0.3319533,0.1219484,0.2028047,0
0.1315973,0.2254357,0.3776302,0.1162349,0.2043987,0
0.1225972,0.1239361,0.4054473,0.1362363,0.2347707,0
0.1421099,0.1140251,0.3923672,0.1434774,0.2226912,0
0.1339429,0.09043698,0.414234,0.1410821,0.2366871,0
0.1207749,0.1016301,0.3947637,0.1513698,0.2441154,0
0.1574961,0.1174703,0.4088633,0.1235941,0.2050474,0
0.2632354,0.09387254,0.3084222,0.1308147,0.2284218,0
0.2889974,0.1377645,0.2472177,0.1307144,0.2269156,0
0.3218789,0.212961,0.2012231,0.101059,0.1849658,0
0.249618,0.2496056,0.2959091,0.174887,0.1869968,0
0.21623,0.2119663,0.3314101,0.1718004,0.1909305,0
0.2180996,0.2022189,0.3352326,0.177175,0.1804935,0
0.1872268,0.1378342,0.3771504,0.1754419,0.1813768,0
0.1818852,0.150893,0.376454,0.1633054,0.1693145,0
0.2010718,0.09211613,0.3997319,0.1630362,0.1654822,0
0.1978077,0.0793101,0.3947515,0.1674357,0.1690894,0
0.1974901,0.1270637,0.3707834,0.1460388,0.1648703,0
0.2039623,0.09425197,0.3742963,0.169689,0.1620501,0
0.1393542,0.1894431,0.4933476,0.08481266,0.1230558,0
0.1736024,0.1799365,0.4572302,0.1008328,0.127095,0
0.1832432,0.1984664,0.4096152,0.1208085,0.1312563,0
0.1904986,0.2544934,0.336146,0.1377143,0.1345074,0
0.1929833,0.2534864,0.3346431,0.1342419,0.1284073,0
0.1496007,0.304631,0.3109095,0.1337599,0.125239,0
0.1653331,0.253744,0.3600335,0.1375566,0.1244142,0
0.200288,0.258009,0.3406274,0.1324355,0.1216512,0
0.1649914,0.329148,0.283827,0.1388611,0.1212507,0
0.2740412,0.2916474,0.2578883,0.1308082,0.1222888,0
0.2579272,0.1898564,0.2693204,0.1790829,0.1334259,0
0.2653886,0.1385214,0.3233958,0.1641998,0.1319484,0
0.2818254,0.1773652,0.3084985,0.1395886,0.1192791,0
0.2362781,0.3505921,0.2875504,0.1083609,0.09316756,0
0.2568545,0.3517846,0.276705,0.1050802,0.09086531,0
0.25144,0.3990459,0.2730809,0.08212619,0.0875007,0
0.2494766,0.3783573,0.2812531,0.08774851,0.08697221,0
0.2653651,0.3933382,0.2892463,0.0734181,0.08896326,0
0.2652054,0.3873574,0.271617,0.06694966,0.08762092,0
0.1267968,0.347935,0.2500628,0.1258777,0.1747705,0
0.1597358,0.3470067,0.2529892,0.1156921,0.136691,0
0.2226643,0.3248253,0.2398051,0.1161359,0.1348023,0
0.2157177,0.2948429,0.2563148,0.1423387,0.1444601,0
0.2323856,0.3960825,0.2224279,0.1034289,0.1337527,0
0.2592081,0.2658462,0.3090851,0.09890967,0.1408057,0
0.2982906,0.2338741,0.3544085,0.1028819,0.1384928,0
0.2634982,0.196032,0.3883524,0.08397063,0.134499,0
0.2510905,0.1908071,0.4005274,0.0721837,0.1336585,0
0.231958,0.219947,0.3782539,0.07480225,0.1344069,0
0.2790275,0.2358126,0.3406391,0.06748984,0.1349248,0
0.2228069,0.2207444,0.3341574,0.0810054,0.1583313,0
0.2185872,0.2140608,0.3317852,0.09044591,0.1607533,0
0.2155411,0.1966366,0.3324193,0.09630994,0.178039,0
0.2132085,0.1727721,0.3416016,0.09447226,0.1894814,0
0.2322988,0.1990322,0.3228579,0.09562552,0.1731929,0
0.178575,0.2273729,0.3221592,0.1133981,0.1881709,0
0.2272208,0.2521206,0.2438488,0.1002835,0.1917258,0
0.1699217,0.366536,0.2191795,0.09662589,0.1880487,0
0.1541028,0.3574956,0.2326022,0.09662168,0.1774721,0
0.1845337,0.3836884,0.2053787,0.08443999,0.1590788,0
0.1411722,0.4415855,0.2101763,0.07605097,0.1533411,0
0.1489211,0.4785807,0.1694462,0.07590909,0.1529088,0
0.1663414,0.4859315,0.1597602,0.06800384,0.1462701,0
0.1964692,0.4454869,0.165238,0.07843097,0.1406402,0
0.1801116,0.3747037,0.2238752,0.09045735,0.1429968,0
0.2170474,0.2904189,0.3302386,0.07635665,0.1408207,0
0.2319546,0.2986734,0.2905269,0.09494141,0.1083559,0
0.1849118,0.261072,0.342965,0.1194844,0.1180195,0
0.2142729,0.1780381,0.3771239,0.139179,0.1266442,0
0.2344706,0.1915413,0.4001786,0.09474887,0.1128092,0
0.2044084,0.1978863,0.3925448,0.1144783,0.1179722,0
0.2431705,0.2703369,0.3547394,0.07750966,0.1107014,0
0.1869675,0.2947462,0.3637745,0.08552135,0.108974,0
0.1957638,0.2688282,0.3909743,0.08983094,0.1096327,0
0.1942721,0.2776154,0.3646439,0.09126838,0.1228954,0
0.1861272,0.2991888,0.3673388,0.0959343,0.1225389,0
0.1769606,0.3136662,0.3710498,0.08996382,0.1123854,0
0.194621,0.2353742,0.4293308,0.07903336,0.1157289,0
0.1894663,0.2327689,0.4294375,0.09079767,0.114012,0
0.1882394,0.2948511,0.359492,0.09770826,0.1188356,0
0.2130096,0.28242,0.339783,0.09244711,0.1126231,0
0.2481695,0.1308572,0.3951,0.1054576,0.1290611,0
0.2625914,0.1674731,0.3590627,0.1146031,0.1316308,0
0.2567778,0.1518132,0.3857896,0.1055787,0.1277587,0
0.257814,0.1569212,0.4133388,0.0785923,0.1284545,0
0.2668234,0.1489344,0.3794073,0.1099106,0.1404404,0
0.2960626,0.1242565,0.351908,0.1274177,0.1471668,0
0.3263415,0.0800578,0.3429093,0.1091302,0.1495349,0
0.3564566,0.09922664,0.352171,0.07141679,0.1398849,0
0.3982521,0.1353355,0.3008796,0.06996834,0.1353541,0
0.4109216,0.1517108,0.2732861,0.06479176,0.1367296,0
0.4424881,0.1000352,0.2650117,0.07568952,0.1348713,0
0.429027,0.1076531,0.2800397,0.08106915,0.1395989,0
0.4410036,0.1148735,0.2774548,0.07637963,0.1360754,0
0.4391421,0.1277681,0.275764,0.0868708,0.1306303,0
0.4468293,0.1359362,0.2741537,0.08676142,0.1239802,0
0.403658,0.1703804,0.2720285,0.07550204,0.1144818,0
0.4090396,0.1536918,0.2734086,0.09719709,0.1156453,0
0.3413389,0.2123835,0.3105806,0.06933511,0.0931914,0
0.2751143,0.3000687,0.3250456,0.06426506,0.09602817,0
0.1264861,0.3150668,0.4200323,0.06305156,0.09105229,0
0.08875401,0.2679846,0.5018202,0.07418226,0.08946209,0
0.08055039,0.2760737,0.5327981,0.0691604,0.07585289,0
0.07291407,0.2038524,0.6010625,0.06836808,0.07573661,0
0.2258058,0.1763509,0.5454879,0.0545533,0.06476042,0
0.2469083,0.1472371,0.5232991,0.06280988,0.06676244,0
0.2527881,0.1707383,0.4711908,0.07815654,0.06994552,0
0.3216295,0.1424124,0.3119986,0.1107679,0.1458594,0
0.386349,0.1056812,0.3332721,0.09839766,0.1215349,0
0.3351581,0.1944681,0.3090717,0.1192374,0.1366896,0
0.355105,0.1868033,0.2964336,0.1276198,0.1384338,0
0.3906969,0.2153737,0.2674254,0.115639,0.146593,0
0.2909907,0.2274493,0.270223,0.1171974,0.1452748,0
0.321204,0.2192402,0.2581591,0.1212933,0.1445284,0
0.3261318,0.2312463,0.2485131,0.1057042,0.1345355,0
0.3658527,0.1885999,0.2668626,0.1011759,0.1169912,0
0.3631821,0.217281,0.3069958,0.05877124,0.09120783,0
0.2413479,0.3045239,0.3167824,0.06376959,0.09523011,0
0.2680551,0.267478,0.3313888,0.06435658,0.09760705,0
0.276697,0.2712423,0.3244368,0.05567631,0.09431224,0
0.2840794,0.3220809,0.2938267,0.05548916,0.09555627,0
0.2761676,0.3275785,0.2916339,0.06335949,0.1044466,0
0.2910313,0.3103202,0.3108841,0.05560755,0.1081803,0
0.2816473,0.2836618,0.3450206,0.0540608,0.1091939,0
0.3181054,0.3206576,0.3702918,0.06159268,0.1131424,0
0.1770232,0.248632,0.4652115,0.09636629,0.1421062,0
0.1847745,0.222409,0.3074007,0.1488431,0.2208353,0
0.1628198,0.2971922,0.2447459,0.147133,0.2302277,0
0.1975295,0.08956731,0.4382371,0.07659315,0.2096807,0
0.2105301,0.08803023,0.4337285,0.08262537,0.1945256,0
0.2367129,0.09265438,0.4125575,0.0826188,0.196221,0
0.2190228,0.08339722,0.4235818,0.08529159,0.2002118,0
0.2462305,0.09695427,0.3827133,0.09335208,0.1876978,0
0.2638753,0.1431841,0.3356367,0.09433957,0.1794986,0
0.303067,0.1011635,0.3191311,0.09276302,0.2033292,0
0.3103994,0.1166171,0.2993227,0.1088493,0.1964949,0
0.348563,0.1652566,0.2607967,0.1029651,0.1861915,0
0.4549077,0.1189267,0.2251616,0.09296576,0.1743487,0
0.4488606,0.1173805,0.1938536,0.0941297,0.1742608,0
0.4012823,0.1608841,0.1878313,0.1047131,0.1708087,0
0.3946744,0.1501331,0.1917571,0.1100444,0.1803257,0
0.391352,0.1623028,0.2092953,0.1055401,0.1739979,0
0.4246899,0.1576461,0.1845598,0.1002446,0.177632,0
0.4279761,0.1770874,0.1572777,0.1081526,0.1749228,0
0.4181305,0.2029933,0.1711848,0.104237,0.1660766,0
0.4585096,0.1392561,0.1501271,0.09472261,0.1674458,0
0.4177783,0.1607537,0.181133,0.0948022,0.1653856,0
0.3576294,0.198244,0.2219318,0.08948078,0.1571817,0
0.4719059,0.2000159,0.1587732,0.08246476,0.1356559,0
0.4945964,0.1608104,0.1576474,0.07056706,0.1488085,0
0.4946244,0.1379633,0.1645443,0.07607504,0.1589234,0
0.1463187,0.2205088,0.3491766,0.1288181,0.2289893,0
0.1519085,0.2262872,0.3142142,0.1312197,0.2334313,0
0.1572471,0.1827619,0.3664166,0.1217286,0.2146148,0
0.1478326,0.1579402,0.3719602,0.1469005,0.2038011,0
0.1682093,0.1946345,0.3172677,0.1417734,0.220023,0
0.1544611,0.1967916,0.3085768,0.16059,0.2247254,0
0.145835,0.2054708,0.3008819,0.1528083,0.2368505,0
0.150983,0.1809621,0.3148504,0.1809545,0.239343,0
0.1772392,0.1730107,0.3017002,0.155104,0.2661141,0
0.2329064,0.1118547,0.2765164,0.1551108,0.237857,0
0.1942767,0.2770796,0.2210028,0.1247702,0.2127841,0
0.1870085,0.2966418,0.2037782,0.1324567,0.1969368,0
0.189996,0.3028561,0.199337,0.1364144,0.2026924,0
0.2067028,0.251507,0.2309451,0.1327876,0.2096,0
0.1441689,0.2763912,0.2773639,0.1145197,0.2009747,0
0.2352298,0.2941948,0.2804872,0.09984463,0.1667828,0
0.2551939,0.2565069,0.2899036,0.1069516,0.1532393,0
0.2016754,0.2960993,0.2896693,0.0908961,0.1579805,0
0.1690325,0.3991141,0.2026942,0.1000764,0.1678664,0
0.1686253,0.4633383,0.1279517,0.1137684,0.1796521,0
0.1036453,0.480671,0.1668223,0.1053454,0.1765758,0
0.1589723,0.399386,0.2079639,0.1098045,0.1789923,0
0.1351261,0.3426103,0.2464074,0.1313073,0.188855,0
0.1452692,0.3004482,0.2712105,0.1267825,0.1844459,0
0.1942732,0.3464774,0.1923012,0.1059302,0.1736796,0
0.1387159,0.3830051,0.2207738,0.1195537,0.1789333,0
0.1483555,0.3803829,0.2314037,0.1073702,0.1681909,0
0.1959304,0.3155786,0.2285555,0.1084345,0.1669688,0
0.1952829,0.3663518,0.2013018,0.1207777,0.1475099,0
0.2011975,0.3113013,0.2286427,0.1279906,0.1553949,0
0.2125571,0.2723052,0.2660651,0.1238555,0.1590052,0
0.1481111,0.2526462,0.316501,0.1400969,0.1522042,0
0.1623952,0.2566813,0.3346781,0.1183859,0.1457455,0
0.2715375,0.2768018,0.2656302,0.09699265,0.1284502,0
0.2600665,0.3506409,0.2158827,0.09458338,0.1297291,0
0.2649454,0.223096,0.3170258,0.08867633,0.1246729,0
0.2526531,0.240473,0.32376,0.09064537,0.1379045,0
0.2779387,0.2543424,0.2963187,0.08788345,0.1257093,0
0.2439672,0.3368942,0.2714359,0.08102205,0.1087319,0
0.2415219,0.3064249,0.339933,0.06250621,0.09016373,0
0.2242615,0.3283775,0.3417614,0.05443407,0.09189608,0
0.2341417,0.326198,0.3496614,0.05447105,0.08355632,0
0.1892751,0.3676688,0.3383864,0.06518157,0.08069584,0
0.1551789,0.3664241,0.3503943,0.07546486,0.09055167,0
0.1506911,0.3854111,0.3198847,0.0842291,0.08815616,0
0.2049709,0.3463134,0.3503058,0.07999264,0.09203926,0
0.2043115,0.313201,0.3772431,0.08012801,0.09264749,0
0.1798521,0.2479572,0.4352247,0.08743893,0.1066933,0
0.1766659,0.3022881,0.3878203,0.09257104,0.1088816,0
0.1654699,0.2809797,0.3219731,0.1225249,0.1422399,0
0.1983904,0.2718375,0.3135396,0.1030752,0.1326034,0
0.1932501,0.3403436,0.2575804,0.1152146,0.1441156,0
0.2192189,0.2781649,0.2659614,0.09954365,0.1703531,0
0.2290704,0.2486703,0.2652993,0.1038582,0.1632055,0
0.2166194,0.2669854,0.2830938,0.09256285,0.1529072,0
0.1807415,0.2791342,0.3339989,0.08699531,0.1501682,0
0.1959164,0.245129,0.3581835,0.08398928,0.1455435,0
0.1773315,0.2540929,0.3843825,0.09221871,0.1407744,0
0.3213999,0.2743653,0.2236427,0.08718869,0.1440138,0
0.297361,0.300758,0.2224282,0.08705421,0.1406233,0
0.37386,0.2862706,0.2183592,0.08172262,0.1257165,0
0.3239276,0.1995733,0.3122265,0.07784364,0.1347372,0
0.3357834,0.1825982,0.3127463,0.08732853,0.132343,0
0.3585065,0.18582,0.3003723,0.08627984,0.1231195,0
0.3703934,0.1393942,0.3020109,0.1045544,0.1249215,0
0.3422629,0.2061876,0.2539285,0.08409494,0.1226773,0
0.3420531,0.2422272,0.2387655,0.07859834,0.1108926,0
0.2920448,0.2418599,0.2775761,0.08147778,0.122461,0
0.2669303,0.2598743,0.3095576,0.07593353,0.1287339,0
0.2754276,0.3685504,0.24,0.06565712,0.1303792,0
0.2934673,0.3553416,0.2095167,0.07716402,0.1409695,0
0.2200839,0.3802822,0.2224887,0.0800551,0.1508607,0
0.120348,0.4242815,0.2532628,0.08246557,0.137768,0
0.1118083,0.3978874,0.274698,0.0898384,0.157201,0
0.2104232,0.3663972,0.2407435,0.1262819,0.1646289,0
0.2444215,0.4530444,0.1583697,0.1282702,0.1688414,0
0.2319305,0.4423919,0.1343555,0.1047252,0.1498042,0
0.1987495,0.3922361,0.2003913,0.09674729,0.1474332,0
0.1575675,0.4244806,0.2157461,0.08862507,0.1449386,0
0.1800434,0.4037827,0.2264674,0.08586209,0.1425138,0
